low_forward_pwm: 120
low_backward_pwm: 120
max_lin_vel_forward: 0.07002
max_lin_vel_backward: -0.06719
max_ang_vel: 0.15848
min_ang_vel: -0.17014
bot_id: 10
pwm_left_forward: 11875.387831119368 -74.91234765556692 124.01580435055928
pwm_right_forward: 6274.918988156274 -166.2119606486467 126.4009825433022
pwm_left_backward: 932.8485854988014 1044.1909357050858 -109.22420470556285
pwm_right_backward: -2702.434155944135 237.74897673474788 -121.4941694438139
