calibration_date: 2022-03-09 13:35:14.777778
low_forward_pwm: 140
low_backward_pwm: 145
max_lin_vel_forward: 0.1466
max_lin_vel_backward: -0.14806
max_ang_vel: 0.17174
min_ang_vel: -0.1791
bot_id: 13
pwm_left_forward: -3592.351196462551 1372.6783142230013 129.25626910253231
pwm_right_forward: -754.1444304458223 868.2954875463532 134.01453477940703
pwm_left_backward: 2409.147941941772 1183.52279237667 -134.97208683165508
pwm_right_backward: 1494.1262881536127 975.9014565156695 -133.91046721793577
