low_forward_pwm: 120
low_backward_pwm: 120
max_lin_vel_forward: 0.035
max_lin_vel_backward: 0.0
max_ang_vel: 0.0
min_ang_vel: -0.0
bot_id: 10
pwm_left_forward: 12717.103993829716 -132.57272531966032 124.7632755336846
pwm_right_forward: 5982.122313592445 -134.4529046229652 125.69340198071328
pwm_left_backward: 2800.8315579620967 1195.7464724513354 -106.68875772133875
pwm_right_backward: -2431.675548840456 273.27776856416887 -120.35855310735816
