calibration_date: 2022-03-04 00:10:01.887495
low_forward_pwm: 120
low_backward_pwm: 120
max_lin_vel_forward: 0.07018
max_lin_vel_backward: -0.06725
max_ang_vel: 0.16161
min_ang_vel: -0.17071
bot_id: 10
pwm_left_forward: 12080.245878667603 -83.88795080090125 123.99966055771394
pwm_right_forward: 6119.027800525818 -152.38011145870087 126.14276172395967
pwm_left_backward: 851.6079481796432 1049.175243651996 -108.96834679415925
pwm_right_backward: -2679.059366551509 239.63122835237988 -121.45920735783098
