low_forward_pwm: 120
low_backward_pwm: 120
max_lin_vel_forward: 0.07
max_lin_vel_backward: -0.067
max_ang_vel: 0.161
min_ang_vel: -0.17
bot_id: 10
pwm_left_forward: 13767.203118777377 -216.0378161993092 125.91478476099734
pwm_right_forward: 5608.011150026605 -77.04733276682225 123.57152312928872
pwm_left_backward: 3583.5950096128336 1244.416709157114 -105.98677593033662
pwm_right_backward: -2531.1907959684067 264.1520377953903 -120.53309506326572
