low_forward_pwm:120
low_backward_pwm:120
pwm_left_forward:-165.20677727618613 13354.220952414607 125.06571110955933
pwm_right_forward:22.352152804959132 4553.577655152218 122.72971706341235
pwm_left_backward:1184.1651429573517 2526.8252882153974 -106.38744409959284
pwm_right_backward:233.961129683798 -2704.396133293404 -121.73706186815743
